基準 sex+age+BMI  R²=0.595  MAE=5.04

區塊               k      R²               ΔR² [95%CI]           ΔMAE kg [95%CI]  P(ΔMAE>0)
前臂・50           12   0.608  +0.016 [-0.035,+0.068]  +0.36 [-0.01,+0.72]      0.968
前臂・100          12   0.641  +0.046 [-0.008,+0.103]  +0.52 [+0.11,+0.91]      0.994
前臂・both         24   0.634  +0.040 [-0.013,+0.098]  +0.49 [+0.08,+0.91]      0.990
前臂・ratio        12   0.558  -0.036 [-0.077,+0.003]  -0.20 [-0.54,+0.12]      0.117
上臂・50           12   0.619  +0.026 [-0.036,+0.086]  +0.40 [-0.02,+0.86]      0.966
上臂・100          12   0.551  -0.044 [-0.279,+0.090]  +0.21 [-0.49,+0.76]      0.762
上臂・both         24   0.538  -0.052 [-0.258,+0.083]  +0.07 [-0.59,+0.66]      0.607
上臂・ratio        12   0.577  -0.019 [-0.143,+0.065]  +0.08 [-0.50,+0.55]      0.627
軀幹・50            6   0.593  -0.005 [-0.123,+0.075]  +0.07 [-0.39,+0.50]      0.620
軀幹・100           6 -10.644  -11.593 [-35.811,-0.266]  -5.62 [-11.88,-1.55]      0.000
軀幹・both         12  -8.912  -9.797 [-30.667,-0.085]  -3.94 [-9.50,-0.61]      0.000
軀幹・ratio         6  -0.545  -1.125 [-2.678,-0.188]  -2.54 [-4.39,-1.21]      0.000
大腿・50           12   0.559  -0.038 [-0.135,+0.027]  +0.00 [-0.44,+0.36]      0.521
大腿・100          12   0.540  -0.059 [-0.202,+0.045]  -0.08 [-0.67,+0.45]      0.392
大腿・both         24   0.561  -0.035 [-0.129,+0.051]  +0.03 [-0.49,+0.54]      0.562
大腿・ratio        12  -7.782  -8.369 [-29.457,+0.082]  -2.29 [-8.15,+0.57]      0.311
小腿・50           12   0.600  +0.008 [-0.040,+0.061]  +0.24 [-0.09,+0.57]      0.928
小腿・100          12   0.595  +0.001 [-0.036,+0.039]  +0.05 [-0.22,+0.32]      0.610
小腿・both         24   0.575  -0.018 [-0.070,+0.040]  +0.02 [-0.35,+0.39]      0.545
小腿・ratio        12   0.577  -0.017 [-0.060,+0.029]  -0.10 [-0.44,+0.19]      0.280
全身・PhA@100      18   0.561  -0.033 [-0.092,+0.026]  +0.00 [-0.39,+0.40]      0.501
全身・PhA ratio    18   0.468  -0.128 [-0.259,-0.006]  -0.62 [-1.33,+0.05]      0.040
全身・全部@100       54  -0.089  -0.704 [-2.064,+0.053]  -0.75 [-2.24,+0.43]      0.131
