4SD 離群規則另排除 23 筆通道觀察值
基準 sex+age+BMI  R²=0.595  MAE=5.04

區塊               k      R²               ΔR² [95%CI]           ΔMAE kg [95%CI]  P(ΔMAE>0)
前臂・50           12   0.609  +0.018 [-0.031,+0.069]  +0.43 [+0.09,+0.80]      0.992
前臂・100          12   0.642  +0.047 [-0.009,+0.102]  +0.51 [+0.09,+0.91]      0.993
前臂・both         24   0.632  +0.039 [-0.012,+0.093]  +0.51 [+0.11,+0.89]      0.995
前臂・ratio        12   0.565  -0.029 [-0.072,+0.017]  -0.11 [-0.39,+0.21]      0.253
上臂・50           12   0.625  +0.032 [-0.031,+0.091]  +0.45 [+0.01,+0.92]      0.979
上臂・100          12   0.548  -0.048 [-0.299,+0.092]  +0.26 [-0.47,+0.85]      0.798
上臂・both         24   0.571  -0.021 [-0.207,+0.105]  +0.34 [-0.36,+0.92]      0.842
上臂・ratio        12   0.633  +0.038 [-0.034,+0.097]  +0.29 [-0.18,+0.77]      0.880
軀幹・50            6   0.593  -0.005 [-0.123,+0.075]  +0.07 [-0.39,+0.50]      0.620
軀幹・100           6   0.638  +0.044 [+0.004,+0.079]  +0.26 [-0.06,+0.55]      0.937
軀幹・both         12   0.630  +0.036 [-0.007,+0.076]  +0.15 [-0.16,+0.46]      0.840
軀幹・ratio         6   0.581  -0.014 [-0.076,+0.036]  -0.04 [-0.38,+0.26]      0.407
大腿・50           12   0.552  -0.046 [-0.143,+0.022]  -0.07 [-0.52,+0.30]      0.382
大腿・100          12   0.542  -0.057 [-0.204,+0.049]  -0.01 [-0.62,+0.53]      0.492
大腿・both         24   0.590  -0.005 [-0.092,+0.071]  +0.26 [-0.24,+0.73]      0.855
大腿・ratio        12   0.615  +0.019 [-0.079,+0.114]  +0.24 [-0.31,+0.79]      0.782
小腿・50           12   0.607  +0.014 [-0.037,+0.070]  +0.29 [-0.05,+0.63]      0.958
小腿・100          12   0.593  -0.001 [-0.040,+0.038]  +0.05 [-0.22,+0.34]      0.628
小腿・both         24   0.587  -0.007 [-0.058,+0.055]  +0.16 [-0.20,+0.54]      0.797
小腿・ratio        12   0.587  -0.008 [-0.049,+0.034]  -0.02 [-0.33,+0.26]      0.457
全身・PhA@100      18   0.586  -0.010 [-0.072,+0.052]  +0.17 [-0.24,+0.60]      0.805
全身・PhA ratio    18   0.651  +0.057 [-0.014,+0.130]  +0.28 [-0.24,+0.82]      0.853
全身・全部@100       54   0.619  +0.025 [-0.066,+0.106]  +0.45 [-0.12,+1.01]      0.943
