4SD 離群規則另排除 23 筆通道觀察值
椅子(秒)=60 的人數：1（疑似上限碼）

================================================================================================
步行測試秒數（4 m）｜log 尺度｜基準 sex+age+BMI R²=0.069  MAE(log)=0.190
================================================================================================
區塊                 k      R²               ΔR² [95%CI]           ΔMAE(log) [95%CI]   P(Δ>0)
前臂・100（對照）        12   0.049  -0.020 [-0.058,+0.014]  -0.0011 [-0.0057,+0.0029]    0.325
軀幹・100             6   0.056  -0.013 [-0.028,+0.006]  +0.0001 [-0.0022,+0.0024]    0.522
軀幹・50              6   0.045  -0.024 [-0.063,+0.008]  -0.0006 [-0.0050,+0.0034]    0.418
大腿・100            12   0.020  -0.049 [-0.115,+0.009]  -0.0003 [-0.0069,+0.0056]    0.478
大腿・50             12   0.019  -0.049 [-0.095,-0.007]  -0.0015 [-0.0069,+0.0041]    0.322
大腿・both           24  -0.007  -0.077 [-0.170,-0.008]  -0.0032 [-0.0116,+0.0051]    0.216
小腿・100            12   0.088  +0.019 [-0.024,+0.065]  +0.0051 [+0.0005,+0.0099]    0.986
小腿・50             12   0.069  +0.001 [-0.031,+0.040]  +0.0017 [-0.0030,+0.0064]    0.771
小腿・both           24   0.062  -0.007 [-0.039,+0.028]  +0.0015 [-0.0031,+0.0063]    0.747
大腿+小腿・100         24   0.050  -0.015 [-0.061,+0.042]  +0.0035 [-0.0021,+0.0096]    0.884
下肢+軀幹・100         30   0.016  -0.051 [-0.110,+0.004]  -0.0012 [-0.0079,+0.0054]    0.367
下肢+軀幹 PhA@100     10   0.049  -0.019 [-0.046,+0.011]  +0.0013 [-0.0026,+0.0051]    0.738

================================================================================================
五次坐站秒數｜log 尺度｜基準 sex+age+BMI R²=0.072  MAE(log)=0.246
================================================================================================
區塊                 k      R²               ΔR² [95%CI]           ΔMAE(log) [95%CI]   P(Δ>0)
前臂・100（對照）        12   0.035  -0.032 [-0.083,+0.028]  -0.0029 [-0.0128,+0.0061]    0.280
軀幹・100             6   0.031  -0.043 [-0.105,+0.007]  -0.0041 [-0.0152,+0.0069]    0.240
軀幹・50              6   0.049  -0.024 [-0.090,+0.038]  -0.0064 [-0.0196,+0.0066]    0.160
大腿・100            12  -0.001  -0.071 [-0.147,+0.009]  -0.0067 [-0.0206,+0.0072]    0.169
大腿・50             12   0.035  -0.037 [-0.107,+0.030]  -0.0049 [-0.0175,+0.0078]    0.238
大腿・both           24  -0.010  -0.080 [-0.154,+0.011]  -0.0069 [-0.0229,+0.0084]    0.201
小腿・100            12   0.012  -0.061 [-0.222,+0.039]  -0.0064 [-0.0227,+0.0084]    0.232
小腿・50             12   0.046  -0.024 [-0.088,+0.043]  -0.0025 [-0.0127,+0.0083]    0.327
小腿・both           24   0.036  -0.036 [-0.108,+0.028]  -0.0043 [-0.0161,+0.0072]    0.244
大腿+小腿・100         24   0.003  -0.069 [-0.149,+0.021]  -0.0071 [-0.0232,+0.0075]    0.184
下肢+軀幹・100         30   0.003  -0.066 [-0.141,+0.023]  -0.0069 [-0.0221,+0.0092]    0.191
下肢+軀幹 PhA@100     10  -0.029  -0.099 [-0.186,-0.011]  -0.0107 [-0.0240,+0.0030]    0.063
